Μ’

Trinummi
308
309
310
311
312
313
314
316
317
318
319
320
321
323
324
326
326
328

pag. Trinummi

309. 310 364
327 366

369. 474 482 366

309 340. 434 sq. 489 368

mmmm
mmmm
mmm

3720. 402. 412. 602 373

310 376
3680.384 376
360.488 378
460.463 381

487 384

366.360 386

309 386

324.436 387
419.600 388
324.380.488 391

329 361. 460. 466 sq. 46800. 601 303

330
332
333
334
336
336
337

mm
mm
mmmm
mm
mm
mmmm
mmm

mmmmmwmfflm

339
310
341
342
343
347
348
349
360

mm
mm
mmm
mm
mmmm
mmmm
mmm
mmmm
3686. 426

361 3838 466. 469. 479. 488. 489 426

362
364
367
368
369
360
361
332

333. 336. 363 . 427·

mmm
mm
mmmm
mmm
mmmm
mmm

mm

PROLEGOMENA DE RATIONIBVS

pflg.
326. 360. 499

381. 3826.
382. 602

327. 380

470. 400

330. 4386.
402. 410. 4886.
3830. 600
mv„ 382
324

3686. 380, 480
484

323

373

382

402

386. 480. 602
408

600

388. 6076.
468

333. 4680.
888

323

323. 330

066

362

340

308. 448. 461
308 362. 380
360

600

3686. 462
610

380

344

367. 384
327, 380. 464
380. 382

380

407

381. 382. 427. 484
861. mn
607

330. 488

 

