538 900000009909 88 8888881888

Trinummi
877 344 4679. 946

pag. Trinummi pag.
910.960.961

879
880
883
886
886

. 887

888
888
888
888
888
888
000
901
909
004
888
900
900
888
919
919
914
888
910
999 Ι
888
888
888
888
888
999
990
999
999
994
990
990
888
041
949
949
944

“ 946 888.

888 949

999. 410. 409. 888 949
888 888

888 001

400 909

999. 909 909
990 sq. 009 904
mmmm
888 909

. 900 888
400. 888 888
400 888,

330 966

371 966
368.371.386 967
330.400 968
368.477 969
364.462 970
497.499 971

369 979
310.991.3688.961 974
390.4678. 976
986 477 977

339 978

467 979

399.839 980
3898. 989

369 986

906.376 986
61488. 989
34388.371.9838, 990
306.310 993

986 994

310,960 996
310.930.389 1004
960.3838.490 1006
909.603 1608

407 1009

461 1010
3688.496 1013
430 1014
Ώ7Η6Ω9ωη
330 1016

999 1017

461

390

944

493.460

498

387

344. 603

309
9688.3838.498.467
387

344

379.986

477.498

344

991

ΜΉῳωό

361

’ 944

310
310.967.960.468
310.339.944.609
361

391.961.461
991.3848.499
439

961

3688.361.413.468
600

999

387

399.49988.

910

330
909.3839.486
309

360.439

944

408
360.466.498
969

310

310
366.417.463
910

 

