EMENDATIONIS PLAV‘I'INAE.
pag. Trinummi

360 525

357. 412. 464. 513 526
310. 360 527

360. 489 529

305 531

360. 456 532

360. 361 533

3835. 535 Δ

385.5070. 536
329.358.497 537
456. 513 538
353.507 530

306 540
4053.5070. 542
324 546

410 549

509 550
4040.509 552
300,488.513 556
309 557

488 558

387 559

412 560

386 563

494 564

359 565

310 566

310.335,364 567 .

mmmaem
. mmm
mmmmmw
mmm
mmmm
mm

mm

mm

mm
mmmm
mm
mmmmm
mm

mm

ww
wfflms
mmm

2535

7188.
352.360

360

4505. 5085.
300.330.350
579

· 310
360.447
347.364

507
310.337.361
513

442
433.443.461
350.360.362
350

5075

44050.
310.400 “

303

386.337

330
327.376.300
3775
mmmm
404

357.489
330.362

430

464

303

360.352
mm'
405
344.346.449.506
486
310,476.460.488
356.510
330.406

404

506

450
mwmffiffl
300.386
360.367
447.464

 

