summotus 5111111111. 539

Trinummi pag. Trinummi pag.
1018 330 1101 377
1020 493 1104 439
1021 338. 473 1106 492111.
1022 330450 1108 330
1023 350. 470. 499 1113 329
· 1025 3374321111. 1115 · 381
1028 309. 330 1118 332. 385
1029 330 1120 ’ 329
1030 386. 387 1123 330
1036 330363 1124 412. 432111. 475
1039 4ῖο 1125 477
1043 309. 360 1126 339
1044 “ 355 1128 450
1046 310, 355. 35811. 461 1129 498
1049 324. 364. 500 1130 357
1050 · 331 1131 362
1051 324. 331. 498 1132 309
1052 333. 345. 385. 408 1133 399111. 504
1054 327. 503 1134 399111. 475
1055 360. 386. 387 1138 480
1056 331 1139 344
1057 355 1141 ’ 310
1058 310. 360 1145 501
1059 329. 410. 427, 430811. 433 1153 340
1061 372 1155 330. 410
1063 360 1150 309. 365. 405
1064 323. 435 1157 330
1065 492 1160 473
1066 469 1161 309. 352
1067 387 1163 340
1069 ’ 324 1165 361
1070 362 1166 396
1071 359. 427. 432. 514. 529111. 1167 410
1073 500 1169 475
1032 475 1170 310. 439
1083 331 1173 360. 500
1087 330. 352 1177 359. 362
1088 479 1179 340. 426. 466
1090 340. 399. 408 1183 342
1092 331. 439 1185 310. 330. 427
1094 506 1188 · 325

 

